59.274326 17.91774 0
59.283918 17.989324 10
59.264765 18.008092 30
59.229753 17.984895 10
59.270826 18.05208 10
59.235327 18.097338 10
59.274165 18.094843 20
59.333602 18.033208 20
59.323721 18.067622 20
59.339606 18.083789 10
59.351524 18.072212 10
59.332099 18.119868 10
59.35685 18.016939 20
59.347083 17.960566 30
59.375542 17.890644 10
59.383968 17.859075 40
59.407721 17.844529 40
59.407691 17.940302 20
59.368357 18.066342 20
59.387584 18.042203 10
59.468538 18.046402 10
59.467585 17.886873 20
59.422027 18.296493 20
59.246998 18.204821 10
59.34289 18.111904 10
59.221298 18.00627 40
59.241487 18.103417 10
59.317025 18.033842 10
59.265634 18.06318 20
59.30682 18.118848 10
59.32136 17.992804 10